<DATE>,<TIME>,<OPEN>,<HIGH>,<LOW>,<CLOSE>,<VOL>
20120401,220000,0.83340,0.83360,0.83340,0.83360,0
20120401,230000,0.83340,0.83360,0.83340,0.83360,0
20120402,000000,0.83370,0.83430,0.83320,0.83360,0
20120402,010000,0.83380,0.83440,0.83340,0.83410,0
20120402,020000,0.83410,0.83500,0.83320,0.83440,0
20120402,030000,0.83430,0.83440,0.83370,0.83410,0
20120402,040000,0.83410,0.83420,0.83340,0.83400,0
20120402,050000,0.83390,0.83440,0.83350,0.83420,0
20120402,060000,0.83410,0.83450,0.83370,0.83430,0
20120402,070000,0.83430,0.83440,0.83370,0.83420,0
20120402,080000,0.83420,0.83440,0.83370,0.83430,0
20120402,090000,0.83430,0.83460,0.83360,0.83370,0
20120402,100000,0.83380,0.83500,0.83230,0.83300,0
20120402,110000,0.83300,0.83420,0.83230,0.83360,0
20120402,120000,0.83360,0.83410,0.83090,0.83190,0
20120402,130000,0.83190,0.83300,0.83120,0.83280,0
20120402,140000,0.83280,0.83300,0.83120,0.83150,0
20120402,150000,0.83150,0.83230,0.83100,0.83130,0
20120402,160000,0.83120,0.83220,0.83070,0.83140,0
20120402,170000,0.83130,0.83150,0.82950,0.82990,0
20120402,180000,0.83000,0.83060,0.82910,0.83040,0
20120402,190000,0.83050,0.83160,0.83010,0.83160,0
20120402,200000,0.83160,0.83230,0.83120,0.83210,0
20120402,210000,0.83200,0.83210,0.83130,0.83170,0
20120402,220000,0.83170,0.83180,0.83060,0.83100,0
20120402,230000,0.83100,0.83140,0.83070,0.83100,0
20120403,000000,0.83120,0.83130,0.83070,0.83120,0
20120403,010000,0.83110,0.83150,0.83070,0.83110,0
20120403,020000,0.83100,0.83160,0.83070,0.83140,0
20120403,030000,0.83140,0.83160,0.83080,0.83110,0
20120403,040000,0.83120,0.83190,0.83090,0.83160,0
20120403,050000,0.83170,0.83240,0.83140,0.83210,0
20120403,060000,0.83200,0.83230,0.83140,0.83170,0
20120403,070000,0.83160,0.83190,0.83120,0.83160,0
20120403,080000,0.83140,0.83180,0.83100,0.83160,0
20120403,090000,0.83140,0.83210,0.83100,0.83150,0
20120403,100000,0.83170,0.83260,0.83130,0.83170,0
20120403,110000,0.83180,0.83290,0.83150,0.83250,0
20120403,120000,0.83260,0.83290,0.83140,0.83200,0
20120403,130000,0.83200,0.83380,0.83170,0.83340,0
20120403,140000,0.83340,0.83360,0.83260,0.83280,0
20120403,150000,0.83270,0.83310,0.83160,0.83230,0
20120403,160000,0.83230,0.83390,0.83170,0.83320,0
20120403,170000,0.83330,0.83370,0.83250,0.83300,0
20120403,180000,0.83310,0.83560,0.83270,0.83510,0
20120403,190000,0.83500,0.83580,0.83440,0.83530,0
20120403,200000,0.83520,0.83540,0.83440,0.83470,0
20120403,210000,0.83470,0.83540,0.83450,0.83510,0
20120403,220000,0.83500,0.83520,0.83100,0.83150,0
20120403,230000,0.83120,0.83190,0.83090,0.83140,0
20120404,000000,0.83130,0.83180,0.83090,0.83150,0
20120404,010000,0.83150,0.83190,0.83110,0.83170,0
20120404,020000,0.83170,0.83190,0.83090,0.83130,0
20120404,030000,0.83130,0.83170,0.83090,0.83140,0
20120404,040000,0.83140,0.83260,0.83110,0.83220,0
20120404,050000,0.83210,0.83240,0.83030,0.83060,0
20120404,060000,0.83070,0.83100,0.82990,0.83070,0
20120404,070000,0.83060,0.83100,0.83020,0.83090,0
20120404,080000,0.83060,0.83100,0.82990,0.83020,0
20120404,090000,0.83000,0.83070,0.82980,0.83030,0
20120404,100000,0.83040,0.83140,0.83020,0.83090,0
20120404,110000,0.83070,0.83100,0.82940,0.83030,0
20120404,120000,0.83030,0.83040,0.82820,0.82890,0
20120404,130000,0.82900,0.83040,0.82850,0.83000,0
20120404,140000,0.83020,0.83040,0.82860,0.82920,0
20120404,150000,0.82920,0.82920,0.82790,0.82840,0
20120404,160000,0.82830,0.82890,0.82670,0.82800,0
20120404,170000,0.82800,0.82850,0.82710,0.82770,0
20120404,180000,0.82770,0.82800,0.82610,0.82640,0
20120404,190000,0.82620,0.82730,0.82590,0.82670,0
20120404,200000,0.82660,0.82720,0.82600,0.82710,0
20120404,210000,0.82710,0.82730,0.82640,0.82710,0
20120404,220000,0.82710,0.82730,0.82630,0.82680,0
20120404,230000,0.82670,0.82720,0.82640,0.82690,0
20120405,000000,0.82690,0.82730,0.82650,0.82690,0
20120405,010000,0.82690,0.82730,0.82650,0.82680,0
20120405,020000,0.82670,0.82700,0.82620,0.82690,0
20120405,030000,0.82700,0.82710,0.82610,0.82640,0
20120405,040000,0.82650,0.82690,0.82610,0.82680,0
20120405,050000,0.82680,0.82700,0.82630,0.82670,0
20120405,060000,0.82670,0.82720,0.82630,0.82700,0
20120405,070000,0.82710,0.82730,0.82660,0.82680,0
20120405,080000,0.82670,0.82730,0.82650,0.82710,0
20120405,090000,0.82730,0.82740,0.82660,0.82700,0
20120405,100000,0.82690,0.82790,0.82640,0.82740,0
20120405,110000,0.82730,0.82750,0.82580,0.82640,0
20120405,120000,0.82630,0.82750,0.82580,0.82620,0
20120405,130000,0.82630,0.82650,0.82440,0.82560,0
20120405,140000,0.82530,0.82600,0.82470,0.82570,0
20120405,150000,0.82580,0.82640,0.82470,0.82500,0
20120405,160000,0.82500,0.82520,0.82340,0.82410,0
20120405,170000,0.82410,0.82510,0.82370,0.82440,0
20120405,180000,0.82440,0.82600,0.82400,0.82520,0
20120405,190000,0.82530,0.82600,0.82440,0.82580,0
20120405,200000,0.82570,0.82580,0.82470,0.82530,0
20120405,210000,0.82530,0.82550,0.82470,0.82500,0
20120405,220000,0.82510,0.82550,0.82460,0.82520,0
20120405,230000,0.82510,0.82570,0.82480,0.82570,0
20120406,000000,0.82570,0.82580,0.82480,0.82540,0
20120406,010000,0.82500,0.82560,0.82460,0.82540,0
20120406,020000,0.82530,0.82560,0.82490,0.82540,0
20120406,030000,0.82540,0.82550,0.82460,0.82510,0
20120406,040000,0.82520,0.82550,0.82440,0.82470,0
20120406,050000,0.82470,0.82540,0.82430,0.82510,0
20120406,060000,0.82510,0.82540,0.82430,0.82460,0
20120406,070000,0.82470,0.82480,0.82380,0.82410,0
20120406,080000,0.82410,0.82450,0.82340,0.82360,0
20120406,090000,0.82370,0.82450,0.82330,0.82410,0
20120406,100000,0.82420,0.82470,0.82360,0.82390,0
20120406,110000,0.82390,0.82440,0.82360,0.82400,0
20120406,120000,0.82420,0.82460,0.82390,0.82440,0
20120406,130000,0.82440,0.82480,0.82350,0.82390,0
20120406,140000,0.82390,0.82420,0.82340,0.82400,0
20120406,150000,0.82410,0.82470,0.82340,0.82390,0
20120406,160000,0.82390,0.82570,0.82330,0.82480,0
20120406,170000,0.82460,0.82510,0.82330,0.82420,0
20120406,180000,0.82420,0.82450,0.82320,0.82400,0
20120406,190000,0.82400,0.82440,0.82370,0.82430,0
20120406,200000,0.82430,0.82460,0.82380,0.82460,0
20120406,210000,0.82440,0.82510,0.82380,0.82420,0
20120406,220000,0.82410,0.82480,0.82380,0.82410,0
20120406,230000,0.82430,0.82540,0.82370,0.82490,0
20120407,000000,0.82480,0.82530,0.82410,0.82460,0
20120407,010000,0.82500,0.82520,0.82480,0.82510,0
20120409,000000,0.82510,0.82510,0.82390,0.82420,0
20120409,010000,0.82440,0.82520,0.82370,0.82390,0
20120409,020000,0.82380,0.82470,0.82330,0.82400,0
20120409,030000,0.82420,0.82450,0.82290,0.82400,0
20120409,040000,0.82410,0.82420,0.82280,0.82300,0
20120409,050000,0.82300,0.82350,0.82270,0.82310,0
20120409,060000,0.82310,0.82340,0.82280,0.82320,0
20120409,070000,0.82300,0.82330,0.82280,0.82310,0
20120409,080000,0.82320,0.82370,0.82280,0.82330,0
20120409,090000,0.82340,0.82360,0.82280,0.82320,0
20120409,100000,0.82310,0.82340,0.82270,0.82300,0
20120409,110000,0.82290,0.82390,0.82270,0.82370,0
20120409,120000,0.82360,0.82450,0.82340,0.82380,0
20120409,130000,0.82360,0.82400,0.82300,0.82330,0
20120409,140000,0.82340,0.82390,0.82290,0.82390,0
20120409,150000,0.82380,0.82450,0.82350,0.82420,0
20120409,160000,0.82430,0.82460,0.82340,0.82360,0
20120409,170000,0.82370,0.82400,0.82270,0.82370,0
20120409,180000,0.82370,0.82420,0.82290,0.82410,0
20120409,190000,0.82400,0.82430,0.82300,0.82400,0
20120409,200000,0.82400,0.82500,0.82360,0.82500,0
20120409,210000,0.82500,0.82570,0.82460,0.82530,0
20120409,220000,0.82500,0.82540,0.82450,0.82470,0
20120409,230000,0.82470,0.82500,0.82410,0.82430,0
20120410,000000,0.82420,0.82470,0.82400,0.82440,0
20120410,010000,0.82450,0.82510,0.82390,0.82440,0
20120410,020000,0.82440,0.82470,0.82390,0.82430,0
20120410,030000,0.82430,0.82490,0.82370,0.82420,0
20120410,040000,0.82390,0.82450,0.82360,0.82440,0
20120410,050000,0.82450,0.82540,0.82400,0.82480,0
20120410,060000,0.82490,0.82520,0.82450,0.82500,0
20120410,070000,0.82500,0.82510,0.82390,0.82440,0
20120410,080000,0.82440,0.82470,0.82400,0.82450,0
20120410,090000,0.82450,0.82460,0.82320,0.82420,0
20120410,100000,0.82420,0.82510,0.82310,0.82430,0
20120410,110000,0.82420,0.82520,0.82310,0.82450,0
20120410,120000,0.82460,0.82550,0.82420,0.82530,0
20120410,130000,0.82530,0.82640,0.82470,0.82560,0
20120410,140000,0.82560,0.82640,0.82510,0.82600,0
20120410,150000,0.82590,0.82620,0.82490,0.82610,0
20120410,160000,0.82610,0.82770,0.82580,0.82640,0
20120410,170000,0.82640,0.82650,0.82500,0.82620,0
20120410,180000,0.82620,0.82730,0.82570,0.82590,0
20120410,190000,0.82600,0.82650,0.82460,0.82520,0
20120410,200000,0.82520,0.82580,0.82470,0.82570,0
20120410,210000,0.82570,0.82600,0.82490,0.82540,0
20120410,220000,0.82540,0.82570,0.82390,0.82450,0
20120410,230000,0.82440,0.82460,0.82340,0.82430,0
20120411,000000,0.82420,0.82460,0.82370,0.82450,0
20120411,010000,0.82460,0.82480,0.82400,0.82450,0
20120411,020000,0.82460,0.82480,0.82410,0.82460,0
20120411,030000,0.82450,0.82470,0.82400,0.82460,0
20120411,040000,0.82460,0.82480,0.82380,0.82450,0
20120411,050000,0.82460,0.82460,0.82380,0.82440,0
20120411,060000,0.82440,0.82480,0.82400,0.82440,0
20120411,070000,0.82450,0.82470,0.82390,0.82440,0
20120411,080000,0.82450,0.82470,0.82400,0.82460,0
20120411,090000,0.82460,0.82510,0.82390,0.82470,0
20120411,100000,0.82470,0.82490,0.82350,0.82440,0
20120411,110000,0.82440,0.82480,0.82380,0.82440,0
20120411,120000,0.82450,0.82540,0.82350,0.82510,0
20120411,130000,0.82510,0.82590,0.82370,0.82570,0
20120411,140000,0.82570,0.82610,0.82460,0.82520,0
20120411,150000,0.82510,0.82640,0.82450,0.82610,0
20120411,160000,0.82600,0.82620,0.82490,0.82550,0
20120411,170000,0.82550,0.82560,0.82430,0.82480,0
20120411,180000,0.82480,0.82600,0.82430,0.82490,0
20120411,190000,0.82480,0.82520,0.82410,0.82420,0
20120411,200000,0.82450,0.82500,0.82410,0.82450,0
20120411,210000,0.82440,0.82450,0.82340,0.82390,0
20120411,220000,0.82390,0.82410,0.82300,0.82370,0
20120411,230000,0.82360,0.82410,0.82320,0.82380,0
20120412,000000,0.82370,0.82430,0.82350,0.82390,0
20120412,010000,0.82410,0.82430,0.82340,0.82370,0
20120412,020000,0.82390,0.82410,0.82350,0.82400,0
20120412,030000,0.82390,0.82420,0.82340,0.82390,0
20120412,040000,0.82390,0.82400,0.82330,0.82380,0
20120412,050000,0.82370,0.82400,0.82310,0.82390,0
20120412,060000,0.82390,0.82490,0.82350,0.82470,0
20120412,070000,0.82470,0.82490,0.82390,0.82440,0
20120412,080000,0.82450,0.82480,0.82400,0.82460,0
20120412,090000,0.82450,0.82520,0.82440,0.82480,0
20120412,100000,0.82470,0.82530,0.82410,0.82460,0
20120412,110000,0.82460,0.82480,0.82230,0.82330,0
20120412,120000,0.82320,0.82380,0.82240,0.82320,0
20120412,130000,0.82290,0.82420,0.82250,0.82310,0
20120412,140000,0.82310,0.82400,0.82260,0.82330,0
20120412,150000,0.82330,0.82510,0.82280,0.82480,0
20120412,160000,0.82480,0.82560,0.82370,0.82420,0
20120412,170000,0.82420,0.82620,0.82370,0.82610,0
20120412,180000,0.82600,0.82660,0.82500,0.82590,0
20120412,190000,0.82580,0.82680,0.82530,0.82630,0
20120412,200000,0.82630,0.82700,0.82540,0.82570,0
20120412,210000,0.82570,0.82680,0.82530,0.82630,0
20120412,220000,0.82630,0.82660,0.82570,0.82610,0
20120412,230000,0.82610,0.82640,0.82550,0.82620,0
20120413,000000,0.82600,0.82650,0.82570,0.82610,0
20120413,010000,0.82600,0.82640,0.82570,0.82620,0
20120413,020000,0.82630,0.82640,0.82580,0.82630,0
20120413,030000,0.82610,0.82660,0.82590,0.82630,0
20120413,040000,0.82640,0.82680,0.82570,0.82600,0
20120413,050000,0.82610,0.82680,0.82570,0.82640,0
20120413,060000,0.82640,0.82660,0.82550,0.82590,0
20120413,070000,0.82610,0.82630,0.82570,0.82610,0
20120413,080000,0.82610,0.82620,0.82560,0.82570,0
20120413,090000,0.82590,0.82610,0.82540,0.82600,0
20120413,100000,0.82580,0.82620,0.82520,0.82620,0
20120413,110000,0.82620,0.82660,0.82550,0.82620,0
20120413,120000,0.82620,0.82700,0.82520,0.82590,0
20120413,130000,0.82580,0.82640,0.82510,0.82560,0
20120413,140000,0.82550,0.82680,0.82530,0.82660,0
20120413,150000,0.82670,0.82670,0.82440,0.82500,0
20120413,160000,0.82490,0.82510,0.82320,0.82390,0
20120413,170000,0.82380,0.82400,0.82270,0.82350,0
20120413,180000,0.82340,0.82430,0.82250,0.82360,0
20120413,190000,0.82360,0.82560,0.82310,0.82520,0
20120413,200000,0.82520,0.82540,0.82430,0.82470,0
20120413,210000,0.82470,0.82530,0.82440,0.82510,0
20120413,220000,0.82520,0.82530,0.82440,0.82470,0
20120413,230000,0.82480,0.82530,0.82430,0.82520,0
20120414,000000,0.82500,0.82540,0.82450,0.82500,0
20120414,010000,0.82480,0.82530,0.82470,0.82470,0
20120416,000000,0.82430,0.82500,0.82370,0.82380,0
20120416,010000,0.82420,0.82440,0.82350,0.82400,0
20120416,020000,0.82390,0.82460,0.82370,0.82430,0
20120416,030000,0.82440,0.82470,0.82320,0.82350,0
20120416,040000,0.82340,0.82380,0.82180,0.82210,0
20120416,050000,0.82210,0.82280,0.82180,0.82260,0
20120416,060000,0.82250,0.82310,0.82230,0.82270,0
20120416,070000,0.82270,0.82290,0.82230,0.82270,0
20120416,080000,0.82260,0.82280,0.82200,0.82250,0
20120416,090000,0.82250,0.82320,0.82210,0.82260,0
20120416,100000,0.82240,0.82300,0.82050,0.82220,0
20120416,110000,0.82220,0.82270,0.82130,0.82230,0
20120416,120000,0.82230,0.82240,0.82100,0.82180,0
20120416,130000,0.82180,0.82220,0.82070,0.82190,0
20120416,140000,0.82190,0.82300,0.82150,0.82240,0
20120416,150000,0.82230,0.82280,0.82190,0.82230,0
20120416,160000,0.82250,0.82400,0.82210,0.82330,0
20120416,170000,0.82330,0.82450,0.82280,0.82320,0
20120416,180000,0.82330,0.82450,0.82240,0.82450,0
20120416,190000,0.82440,0.82500,0.82320,0.82360,0
20120416,200000,0.82360,0.82400,0.82300,0.82390,0
20120416,210000,0.82390,0.82690,0.82330,0.82610,0
20120416,220000,0.82620,0.82670,0.82540,0.82570,0
20120416,230000,0.82580,0.82670,0.82540,0.82640,0
20120417,000000,0.82640,0.82650,0.82570,0.82640,0
20120417,010000,0.82640,0.82650,0.82570,0.82590,0
20120417,020000,0.82590,0.82620,0.82560,0.82580,0
20120417,030000,0.82590,0.82610,0.82550,0.82580,0
20120417,040000,0.82570,0.82580,0.82500,0.82530,0
20120417,050000,0.82530,0.82590,0.82500,0.82570,0
20120417,060000,0.82560,0.82570,0.82490,0.82530,0
20120417,070000,0.82530,0.82570,0.82500,0.82550,0
20120417,080000,0.82540,0.82600,0.82510,0.82590,0
20120417,090000,0.82580,0.82620,0.82520,0.82550,0
20120417,100000,0.82550,0.82600,0.82460,0.82540,0
20120417,110000,0.82540,0.82600,0.82450,0.82530,0
20120417,120000,0.82520,0.82550,0.82340,0.82370,0
20120417,130000,0.82380,0.82520,0.82360,0.82420,0
20120417,140000,0.82420,0.82440,0.82270,0.82320,0
20120417,150000,0.82300,0.82400,0.82270,0.82330,0
20120417,160000,0.82320,0.82370,0.82270,0.82360,0
20120417,170000,0.82370,0.82400,0.82280,0.82360,0
20120417,180000,0.82350,0.82500,0.82270,0.82500,0
20120417,190000,0.82490,0.82540,0.82320,0.82370,0
20120417,200000,0.82370,0.82400,0.82310,0.82350,0
20120417,210000,0.82370,0.82400,0.82320,0.82380,0
20120417,220000,0.82390,0.82400,0.82320,0.82370,0
20120417,230000,0.82370,0.82420,0.82330,0.82370,0
20120418,000000,0.82370,0.82430,0.82340,0.82400,0
20120418,010000,0.82420,0.82450,0.82370,0.82410,0
20120418,020000,0.82400,0.82440,0.82310,0.82380,0
20120418,030000,0.82390,0.82400,0.82310,0.82390,0
20120418,040000,0.82390,0.82440,0.82350,0.82420,0
20120418,050000,0.82410,0.82430,0.82320,0.82360,0
20120418,060000,0.82360,0.82380,0.82310,0.82350,0
20120418,070000,0.82350,0.82400,0.82330,0.82360,0
20120418,080000,0.82370,0.82380,0.82310,0.82350,0
20120418,090000,0.82340,0.82380,0.82280,0.82330,0
20120418,100000,0.82330,0.82430,0.82290,0.82390,0
20120418,110000,0.82400,0.82410,0.82290,0.82350,0
20120418,120000,0.82360,0.82380,0.81810,0.81880,0
20120418,130000,0.81880,0.81950,0.81810,0.81900,0
20120418,140000,0.81900,0.81930,0.81740,0.81810,0
20120418,150000,0.81820,0.81930,0.81770,0.81890,0
20120418,160000,0.81870,0.81940,0.81710,0.81780,0
20120418,170000,0.81780,0.81920,0.81730,0.81870,0
20120418,180000,0.81880,0.81950,0.81730,0.81850,0
20120418,190000,0.81830,0.81910,0.81730,0.81900,0
20120418,200000,0.81890,0.81920,0.81820,0.81860,0
20120418,210000,0.81870,0.81890,0.81760,0.81810,0
20120418,220000,0.81810,0.81900,0.81770,0.81890,0
20120418,230000,0.81880,0.81920,0.81810,0.81860,0
20120419,000000,0.81870,0.81910,0.81830,0.81900,0
20120419,010000,0.81890,0.81910,0.81830,0.81880,0
20120419,020000,0.81900,0.81910,0.81830,0.81890,0
20120419,030000,0.81890,0.81910,0.81830,0.81860,0
20120419,040000,0.81870,0.81890,0.81800,0.81850,0
20120419,050000,0.81850,0.81900,0.81800,0.81820,0
20120419,060000,0.81830,0.81860,0.81800,0.81840,0
20120419,070000,0.81810,0.81870,0.81800,0.81830,0
20120419,080000,0.81840,0.81850,0.81790,0.81820,0
20120419,090000,0.81820,0.81870,0.81790,0.81860,0
20120419,100000,0.81860,0.81870,0.81670,0.81740,0
20120419,110000,0.81740,0.81860,0.81620,0.81850,0
20120419,120000,0.81850,0.81940,0.81740,0.81790,0
20120419,130000,0.81800,0.81880,0.81730,0.81850,0
20120419,140000,0.81860,0.81900,0.81740,0.81790,0
20120419,150000,0.81810,0.81850,0.81590,0.81670,0
20120419,160000,0.81670,0.81750,0.81590,0.81660,0
20120419,170000,0.81670,0.81800,0.81590,0.81770,0
20120419,180000,0.81770,0.81900,0.81740,0.81830,0
20120419,190000,0.81830,0.81840,0.81690,0.81770,0
20120419,200000,0.81780,0.81790,0.81680,0.81740,0
20120419,210000,0.81750,0.81810,0.81700,0.81730,0
20120419,220000,0.81730,0.81810,0.81700,0.81780,0
20120419,230000,0.81780,0.81820,0.81740,0.81800,0
20120420,000000,0.81790,0.81840,0.81770,0.81830,0
20120420,010000,0.81820,0.81840,0.81760,0.81800,0
20120420,020000,0.81810,0.81860,0.81770,0.81820,0
20120420,030000,0.81820,0.81860,0.81790,0.81830,0
20120420,040000,0.81840,0.81940,0.81790,0.81890,0
20120420,050000,0.81900,0.81920,0.81800,0.81860,0
20120420,060000,0.81830,0.81900,0.81820,0.81860,0
20120420,070000,0.81860,0.81870,0.81820,0.81860,0
20120420,080000,0.81850,0.81860,0.81800,0.81830,0
20120420,090000,0.81830,0.81930,0.81800,0.81890,0
20120420,100000,0.81890,0.81920,0.81790,0.81820,0
20120420,110000,0.81820,0.81890,0.81680,0.81880,0
20120420,120000,0.81870,0.82010,0.81680,0.81720,0
20120420,130000,0.81710,0.81840,0.81610,0.81810,0
20120420,140000,0.81820,0.81940,0.81780,0.81890,0
20120420,150000,0.81880,0.81920,0.81790,0.81900,0
20120420,160000,0.81910,0.81950,0.81820,0.81890,0
20120420,170000,0.81900,0.81950,0.81820,0.81880,0
20120420,180000,0.81890,0.82010,0.81830,0.81940,0
20120420,190000,0.81930,0.81960,0.81870,0.81940,0
20120420,200000,0.81940,0.81960,0.81870,0.81940,0
20120420,210000,0.81930,0.82000,0.81910,0.81980,0
20120420,220000,0.81970,0.82040,0.81930,0.82020,0
20120420,230000,0.82030,0.82050,0.81870,0.81940,0
20120421,000000,0.81940,0.81990,0.81840,0.81950,0
20120421,010000,0.81960,0.82000,0.81940,0.81990,0
20120422,220000,0.81980,0.81980,0.81980,0.81980,0
20120423,000000,0.81790,0.81930,0.81740,0.81760,0
20120423,010000,0.81780,0.81810,0.81720,0.81780,0
20120423,020000,0.81780,0.81880,0.81760,0.81810,0
20120423,030000,0.81830,0.81890,0.81790,0.81860,0
20120423,040000,0.81860,0.81900,0.81790,0.81840,0
20120423,050000,0.81840,0.81870,0.81780,0.81840,0
20120423,060000,0.81840,0.81860,0.81780,0.81800,0
20120423,070000,0.81810,0.81830,0.81780,0.81810,0
20120423,080000,0.81820,0.81850,0.81790,0.81830,0
20120423,090000,0.81830,0.81870,0.81790,0.81810,0
20120423,100000,0.81820,0.81860,0.81710,0.81760,0
20120423,110000,0.81750,0.81820,0.81650,0.81720,0
20120423,120000,0.81730,0.81730,0.81630,0.81670,0
20120423,130000,0.81680,0.81760,0.81640,0.81700,0
20120423,140000,0.81700,0.81710,0.81600,0.81640,0
20120423,150000,0.81640,0.81720,0.81590,0.81690,0
20120423,160000,0.81680,0.81700,0.81500,0.81550,0
20120423,170000,0.81550,0.81610,0.81480,0.81560,0
20120423,180000,0.81550,0.81560,0.81450,0.81530,0
20120423,190000,0.81540,0.81600,0.81480,0.81530,0
20120423,200000,0.81520,0.81550,0.81460,0.81490,0
20120423,210000,0.81500,0.81530,0.81460,0.81490,0
20120423,220000,0.81490,0.81550,0.81450,0.81520,0
20120423,230000,0.81520,0.81560,0.81480,0.81530,0
20120424,000000,0.81540,0.81590,0.81500,0.81550,0
20120424,010000,0.81540,0.81600,0.81500,0.81560,0
20120424,020000,0.81580,0.81600,0.81540,0.81560,0
20120424,030000,0.81580,0.81600,0.81530,0.81580,0
20120424,040000,0.81580,0.81590,0.81530,0.81570,0
20120424,050000,0.81570,0.81610,0.81520,0.81550,0
20120424,060000,0.81560,0.81580,0.81510,0.81570,0
20120424,070000,0.81560,0.81590,0.81510,0.81570,0
20120424,080000,0.81570,0.81600,0.81530,0.81580,0
20120424,090000,0.81580,0.81610,0.81540,0.81590,0
20120424,100000,0.81580,0.81700,0.81560,0.81640,0
20120424,110000,0.81630,0.81670,0.81490,0.81580,0
20120424,120000,0.81590,0.81630,0.81520,0.81580,0
20120424,130000,0.81570,0.81600,0.81460,0.81530,0
20120424,140000,0.81540,0.81550,0.81400,0.81490,0
20120424,150000,0.81490,0.81560,0.81460,0.81540,0
20120424,160000,0.81550,0.81600,0.81440,0.81520,0
20120424,170000,0.81530,0.81810,0.81490,0.81750,0
20120424,180000,0.81750,0.81870,0.81710,0.81750,0
20120424,190000,0.81750,0.81870,0.81720,0.81850,0
20120424,200000,0.81850,0.81860,0.81770,0.81790,0
20120424,210000,0.81800,0.81820,0.81740,0.81770,0
20120424,220000,0.81770,0.81800,0.81710,0.81730,0
20120424,230000,0.81740,0.81750,0.81660,0.81710,0
20120425,000000,0.81710,0.81740,0.81670,0.81720,0
20120425,010000,0.81730,0.81760,0.81680,0.81720,0
20120425,020000,0.81730,0.81770,0.81700,0.81730,0
20120425,030000,0.81730,0.81760,0.81680,0.81730,0
20120425,040000,0.81730,0.81790,0.81700,0.81760,0
20120425,050000,0.81740,0.81770,0.81700,0.81730,0
20120425,060000,0.81750,0.81780,0.81690,0.81730,0
20120425,070000,0.81740,0.81770,0.81690,0.81740,0
20120425,080000,0.81750,0.81780,0.81720,0.81750,0
20120425,090000,0.81740,0.81760,0.81670,0.81730,0
20120425,100000,0.81720,0.81840,0.81680,0.81830,0
20120425,110000,0.81830,0.81850,0.81700,0.81770,0
20120425,120000,0.81780,0.82200,0.81750,0.82170,0
20120425,130000,0.82160,0.82220,0.82020,0.82110,0
20120425,140000,0.82120,0.82210,0.82040,0.82070,0
20120425,150000,0.82080,0.82100,0.81900,0.81950,0
20120425,160000,0.81950,0.82000,0.81890,0.82000,0
20120425,170000,0.81990,0.82040,0.81840,0.81870,0
20120425,180000,0.81870,0.81970,0.81780,0.81810,0
20120425,190000,0.81810,0.81830,0.81730,0.81800,0
20120425,200000,0.81800,0.81830,0.81670,0.81720,0
20120425,210000,0.81720,0.81810,0.81710,0.81750,0
20120425,220000,0.81760,0.81810,0.81610,0.81760,0
20120425,230000,0.81750,0.81780,0.81690,0.81720,0
20120426,000000,0.81740,0.81790,0.81690,0.81760,0
20120426,010000,0.81760,0.81800,0.81730,0.81780,0
20120426,020000,0.81780,0.81790,0.81740,0.81770,0
20120426,030000,0.81770,0.81810,0.81730,0.81790,0
20120426,040000,0.81780,0.81810,0.81740,0.81780,0
20120426,050000,0.81770,0.81820,0.81740,0.81790,0
20120426,060000,0.81800,0.81820,0.81750,0.81800,0
20120426,070000,0.81800,0.81820,0.81750,0.81780,0
20120426,080000,0.81790,0.81800,0.81730,0.81760,0
20120426,090000,0.81770,0.81790,0.81700,0.81780,0
20120426,100000,0.81770,0.81810,0.81670,0.81740,0
20120426,110000,0.81750,0.81850,0.81680,0.81820,0
20120426,120000,0.81820,0.81850,0.81680,0.81720,0
20120426,130000,0.81720,0.81740,0.81610,0.81680,0
20120426,140000,0.81670,0.81690,0.81530,0.81610,0
20120426,150000,0.81620,0.81720,0.81580,0.81640,0
20120426,160000,0.81640,0.81700,0.81540,0.81580,0
20120426,170000,0.81560,0.81710,0.81550,0.81650,0
20120426,180000,0.81660,0.81840,0.81610,0.81720,0
20120426,190000,0.81720,0.81800,0.81670,0.81730,0
20120426,200000,0.81730,0.81770,0.81650,0.81760,0
20120426,210000,0.81750,0.81780,0.81680,0.81720,0
20120426,220000,0.81720,0.81780,0.81680,0.81730,0
20120426,230000,0.81710,0.81760,0.81690,0.81740,0
20120427,000000,0.81740,0.81770,0.81660,0.81680,0
20120427,010000,0.81700,0.81730,0.81460,0.81510,0
20120427,020000,0.81510,0.81540,0.81440,0.81460,0
20120427,030000,0.81480,0.81550,0.81450,0.81530,0
20120427,040000,0.81530,0.81630,0.81510,0.81600,0
20120427,050000,0.81570,0.81610,0.81510,0.81550,0
20120427,060000,0.81550,0.81580,0.81500,0.81560,0
20120427,070000,0.81570,0.81610,0.81520,0.81580,0
20120427,080000,0.81560,0.81600,0.81480,0.81530,0
20120427,090000,0.81520,0.81560,0.81460,0.81530,0
20120427,100000,0.81540,0.81540,0.81350,0.81440,0
20120427,110000,0.81440,0.81500,0.81310,0.81430,0
20120427,120000,0.81450,0.81650,0.81380,0.81620,0
20120427,130000,0.81610,0.81660,0.81440,0.81540,0
20120427,140000,0.81540,0.81610,0.81460,0.81530,0
20120427,150000,0.81520,0.81610,0.81480,0.81530,0
20120427,160000,0.81530,0.81700,0.81470,0.81590,0
20120427,170000,0.81590,0.81600,0.81450,0.81570,0
20120427,180000,0.81570,0.81660,0.81480,0.81640,0
20120427,190000,0.81660,0.81660,0.81540,0.81570,0
20120427,200000,0.81540,0.81590,0.81480,0.81540,0
20120427,210000,0.81530,0.81550,0.81430,0.81480,0
20120427,220000,0.81470,0.81500,0.81430,0.81490,0
20120427,230000,0.81490,0.81500,0.81400,0.81420,0
20120428,000000,0.81430,0.81490,0.81370,0.81460,0
20120428,010000,0.81460,0.81500,0.81410,0.81490,0
20120429,220000,0.81490,0.81490,0.81490,0.81490,0
20120430,000000,0.81440,0.81440,0.81300,0.81320,0
20120430,010000,0.81340,0.81370,0.81290,0.81330,0
20120430,020000,0.81350,0.81400,0.81320,0.81360,0
20120430,030000,0.81370,0.81370,0.81290,0.81310,0
20120430,040000,0.81320,0.81350,0.81280,0.81330,0
20120430,050000,0.81320,0.81340,0.81260,0.81290,0
20120430,060000,0.81290,0.81350,0.81270,0.81320,0
20120430,070000,0.81300,0.81350,0.81280,0.81340,0
20120430,080000,0.81340,0.81390,0.81290,0.81380,0
20120430,090000,0.81380,0.81400,0.81320,0.81380,0
20120430,100000,0.81370,0.81450,0.81300,0.81370,0
20120430,110000,0.81370,0.81440,0.81260,0.81280,0
20120430,120000,0.81290,0.81340,0.81200,0.81300,0
20120430,130000,0.81330,0.81350,0.81230,0.81320,0
20120430,140000,0.81340,0.81340,0.81220,0.81270,0
20120430,150000,0.81280,0.81330,0.81190,0.81320,0
20120430,160000,0.81320,0.81420,0.81260,0.81390,0
20120430,170000,0.81390,0.81450,0.81350,0.81410,0
20120430,180000,0.81420,0.81510,0.81350,0.81500,0
20120430,190000,0.81500,0.81560,0.81430,0.81520,0
20120430,200000,0.81520,0.81530,0.81440,0.81470,0
20120430,210000,0.81470,0.81510,0.81420,0.81500,0
20120430,220000,0.81490,0.81590,0.81460,0.81550,0
20120430,230000,0.81550,0.81600,0.81510,0.81540,0
20120501,000000,0.81550,0.81570,0.81500,0.81520,0
20120501,010000,0.81510,0.81580,0.81490,0.81540,0
20120501,020000,0.81530,0.81570,0.81500,0.81560,0
20120501,030000,0.81560,0.81580,0.81520,0.81550,0
20120501,040000,0.81550,0.81580,0.81520,0.81550,0
20120501,050000,0.81560,0.81580,0.81510,0.81560,0
20120501,060000,0.81580,0.81600,0.81540,0.81580,0
20120501,070000,0.81560,0.81620,0.81550,0.81600,0
20120501,080000,0.81610,0.81690,0.81560,0.81630,0
20120501,090000,0.81630,0.81670,0.81570,0.81640,0
20120501,100000,0.81650,0.81760,0.81600,0.81720,0
20120501,110000,0.81720,0.81830,0.81670,0.81790,0
20120501,120000,0.81800,0.81980,0.81750,0.81850,0
20120501,130000,0.81860,0.81870,0.81720,0.81760,0
20120501,140000,0.81760,0.81820,0.81720,0.81760,0
20120501,150000,0.81760,0.81820,0.81690,0.81760,0
20120501,160000,0.81760,0.81800,0.81690,0.81750,0
20120501,170000,0.81730,0.81760,0.81660,0.81720,0
20120501,180000,0.81720,0.81750,0.81500,0.81540,0
20120501,190000,0.81520,0.81550,0.81450,0.81520,0
20120501,200000,0.81530,0.81560,0.81480,0.81520,0
20120501,210000,0.81520,0.81540,0.81470,0.81540,0
20120501,220000,0.81540,0.81570,0.81480,0.81540,0
20120501,230000,0.81550,0.81630,0.81520,0.81620,0
20120502,000000,0.81610,0.81630,0.81550,0.81570,0
20120502,010000,0.81590,0.81630,0.81570,0.81590,0
20120502,020000,0.81600,0.81630,0.81560,0.81590,0
20120502,030000,0.81590,0.81620,0.81560,0.81610,0
20120502,040000,0.81610,0.81610,0.81420,0.81450,0
20120502,050000,0.81430,0.81470,0.81400,0.81440,0
20120502,060000,0.81440,0.81490,0.81400,0.81480,0
20120502,070000,0.81460,0.81520,0.81440,0.81480,0
20120502,080000,0.81490,0.81520,0.81420,0.81440,0
20120502,090000,0.81450,0.81500,0.81400,0.81450,0
20120502,100000,0.81440,0.81500,0.81380,0.81470,0
20120502,110000,0.81470,0.81510,0.81270,0.81320,0
20120502,120000,0.81320,0.81360,0.81120,0.81200,0
20120502,130000,0.81200,0.81250,0.81080,0.81150,0
20120502,140000,0.81140,0.81230,0.81100,0.81190,0
20120502,150000,0.81170,0.81260,0.81140,0.81230,0
20120502,160000,0.81220,0.81270,0.81120,0.81220,0
20120502,170000,0.81220,0.81360,0.81180,0.81270,0
20120502,180000,0.81270,0.81320,0.81140,0.81150,0
20120502,190000,0.81160,0.81240,0.81120,0.81240,0
20120502,200000,0.81230,0.81310,0.81170,0.81290,0
20120502,210000,0.81290,0.81300,0.81180,0.81240,0
20120502,220000,0.81230,0.81300,0.81210,0.81240,0
20120502,230000,0.81250,0.81260,0.81160,0.81210,0
20120503,000000,0.81210,0.81240,0.81160,0.81200,0
20120503,010000,0.81210,0.81240,0.81150,0.81200,0
20120503,020000,0.81200,0.81240,0.81160,0.81190,0
20120503,030000,0.81200,0.81210,0.81150,0.81180,0
20120503,040000,0.81180,0.81230,0.81160,0.81210,0
20120503,050000,0.81210,0.81230,0.81140,0.81200,0
20120503,060000,0.81200,0.81240,0.81170,0.81200,0
20120503,070000,0.81210,0.81220,0.81160,0.81200,0
20120503,080000,0.81200,0.81220,0.81170,0.81210,0
20120503,090000,0.81220,0.81220,0.81120,0.81150,0
20120503,100000,0.81120,0.81260,0.81120,0.81240,0
20120503,110000,0.81240,0.81330,0.81210,0.81310,0
20120503,120000,0.81310,0.81380,0.81160,0.81200,0
20120503,130000,0.81190,0.81230,0.81110,0.81140,0
20120503,140000,0.81150,0.81180,0.81110,0.81160,0
20120503,150000,0.81160,0.81200,0.81100,0.81160,0
20120503,160000,0.81160,0.81370,0.81000,0.81360,0
20120503,170000,0.81360,0.81430,0.81280,0.81410,0
20120503,180000,0.81390,0.81430,0.81090,0.81150,0
20120503,190000,0.81170,0.81230,0.81100,0.81220,0
20120503,200000,0.81220,0.81240,0.81170,0.81230,0
20120503,210000,0.81210,0.81270,0.81190,0.81250,0
20120503,220000,0.81260,0.81310,0.81220,0.81250,0
20120503,230000,0.81250,0.81290,0.81210,0.81270,0
20120504,000000,0.81270,0.81300,0.81220,0.81250,0
20120504,010000,0.81250,0.81310,0.81230,0.81260,0
20120504,020000,0.81290,0.81290,0.81230,0.81260,0
20120504,030000,0.81250,0.81270,0.81200,0.81240,0
20120504,040000,0.81240,0.81250,0.81170,0.81210,0
20120504,050000,0.81220,0.81290,0.81180,0.81270,0
20120504,060000,0.81270,0.81290,0.81230,0.81270,0
20120504,070000,0.81280,0.81290,0.81240,0.81270,0
20120504,080000,0.81270,0.81280,0.81190,0.81230,0
20120504,090000,0.81230,0.81260,0.81180,0.81220,0
20120504,100000,0.81230,0.81250,0.81180,0.81230,0
20120504,110000,0.81210,0.81260,0.81160,0.81200,0
20120504,120000,0.81210,0.81230,0.81150,0.81220,0
20120504,130000,0.81230,0.81240,0.81120,0.81200,0
20120504,140000,0.81190,0.81230,0.81070,0.81120,0
20120504,150000,0.81140,0.81200,0.81070,0.81180,0
20120504,160000,0.81180,0.81320,0.81120,0.81240,0
20120504,170000,0.81240,0.81390,0.81160,0.81330,0
20120504,180000,0.81330,0.81370,0.81130,0.81160,0
20120504,190000,0.81160,0.81160,0.81010,0.81060,0
20120504,200000,0.81060,0.81110,0.80990,0.81030,0
20120504,210000,0.81040,0.81080,0.80970,0.80990,0
20120504,220000,0.81010,0.81070,0.80960,0.81050,0
20120504,230000,0.81040,0.81090,0.80990,0.81030,0
20120505,000000,0.81030,0.81050,0.80920,0.80970,0
20120505,010000,0.81000,0.81040,0.80980,0.80990,0
20120507,000000,0.80760,0.80840,0.80570,0.80620,0
20120507,010000,0.80640,0.80710,0.80590,0.80630,0
20120507,020000,0.80620,0.80680,0.80330,0.80500,0
20120507,030000,0.80510,0.80530,0.80370,0.80410,0
20120507,040000,0.80410,0.80550,0.80390,0.80460,0
20120507,050000,0.80460,0.80510,0.80420,0.80460,0
20120507,060000,0.80470,0.80530,0.80440,0.80510,0
20120507,070000,0.80510,0.80540,0.80460,0.80500,0
20120507,080000,0.80510,0.80520,0.80440,0.80500,0
20120507,090000,0.80490,0.80590,0.80470,0.80570,0
20120507,100000,0.80570,0.80610,0.80500,0.80590,0
20120507,110000,0.80590,0.80660,0.80470,0.80650,0
20120507,120000,0.80650,0.80700,0.80530,0.80580,0
20120507,130000,0.80570,0.80650,0.80510,0.80640,0
20120507,140000,0.80640,0.80710,0.80540,0.80590,0
20120507,150000,0.80590,0.80700,0.80530,0.80660,0
20120507,160000,0.80670,0.80710,0.80590,0.80690,0
20120507,170000,0.80690,0.80790,0.80640,0.80710,0
20120507,180000,0.80710,0.80720,0.80570,0.80630,0
20120507,190000,0.80630,0.80650,0.80550,0.80620,0
20120507,200000,0.80620,0.80680,0.80570,0.80660,0
20120507,210000,0.80650,0.80660,0.80590,0.80650,0
20120507,220000,0.80640,0.80680,0.80600,0.80640,0
20120507,230000,0.80650,0.80690,0.80580,0.80620,0
20120508,000000,0.80620,0.80630,0.80570,0.80600,0
20120508,010000,0.80600,0.80640,0.80560,0.80620,0
20120508,020000,0.80630,0.80660,0.80590,0.80610,0
20120508,030000,0.80630,0.80660,0.80570,0.80660,0
20120508,040000,0.80660,0.80660,0.80540,0.80580,0
20120508,050000,0.80580,0.80600,0.80530,0.80580,0
20120508,060000,0.80590,0.80590,0.80530,0.80570,0
20120508,070000,0.80550,0.80580,0.80520,0.80550,0
20120508,080000,0.80570,0.80580,0.80530,0.80550,0
20120508,090000,0.80570,0.80600,0.80530,0.80570,0
20120508,100000,0.80580,0.80600,0.80460,0.80570,0
20120508,110000,0.80570,0.80650,0.80500,0.80640,0
20120508,120000,0.80640,0.80700,0.80590,0.80650,0
20120508,130000,0.80640,0.80730,0.80590,0.80670,0
20120508,140000,0.80670,0.80720,0.80620,0.80650,0
20120508,150000,0.80660,0.80700,0.80590,0.80650,0
20120508,160000,0.80650,0.80670,0.80500,0.80570,0
20120508,170000,0.80570,0.80620,0.80530,0.80570,0
20120508,180000,0.80570,0.80600,0.80410,0.80510,0
20120508,190000,0.80510,0.80600,0.80410,0.80530,0
20120508,200000,0.80550,0.80590,0.80470,0.80520,0
20120508,210000,0.80510,0.80700,0.80500,0.80620,0
20120508,220000,0.80620,0.80650,0.80530,0.80600,0
20120508,230000,0.80570,0.80620,0.80500,0.80540,0
20120509,000000,0.80540,0.80560,0.80440,0.80470,0
20120509,010000,0.80480,0.80500,0.80420,0.80460,0
20120509,020000,0.80470,0.80490,0.80380,0.80420,0
20120509,030000,0.80420,0.80480,0.80390,0.80470,0
20120509,040000,0.80460,0.80510,0.80410,0.80450,0
20120509,050000,0.80450,0.80470,0.80360,0.80400,0
20120509,060000,0.80400,0.80420,0.80350,0.80380,0
20120509,070000,0.80380,0.80410,0.80340,0.80380,0
20120509,080000,0.80370,0.80420,0.80320,0.80370,0
20120509,090000,0.80370,0.80410,0.80330,0.80370,0
20120509,100000,0.80370,0.80500,0.80350,0.80410,0
20120509,110000,0.80380,0.80470,0.80330,0.80450,0
20120509,120000,0.80450,0.80470,0.80330,0.80420,0
20120509,130000,0.80420,0.80580,0.80360,0.80540,0
20120509,140000,0.80540,0.80570,0.80430,0.80460,0
20120509,150000,0.80470,0.80520,0.80410,0.80450,0
20120509,160000,0.80460,0.80610,0.80400,0.80420,0
20120509,170000,0.80420,0.80470,0.80360,0.80400,0
20120509,180000,0.80400,0.80430,0.80200,0.80320,0
20120509,190000,0.80320,0.80360,0.80210,0.80310,0
20120509,200000,0.80310,0.80330,0.80210,0.80270,0
20120509,210000,0.80270,0.80340,0.80200,0.80280,0
20120509,220000,0.80280,0.80310,0.80160,0.80190,0
20120509,230000,0.80190,0.80210,0.80120,0.80180,0
20120510,000000,0.80170,0.80200,0.80120,0.80150,0
20120510,010000,0.80160,0.80190,0.80120,0.80150,0
20120510,020000,0.80160,0.80200,0.80120,0.80180,0
20120510,030000,0.80190,0.80200,0.80000,0.80150,0
20120510,040000,0.80150,0.80200,0.80100,0.80180,0
20120510,050000,0.80160,0.80220,0.80140,0.80210,0
20120510,060000,0.80210,0.80260,0.80180,0.80230,0
20120510,070000,0.80220,0.80240,0.80160,0.80220,0
20120510,080000,0.80210,0.80250,0.80180,0.80240,0
20120510,090000,0.80240,0.80250,0.80170,0.80220,0
20120510,100000,0.80230,0.80300,0.80160,0.80280,0
20120510,110000,0.80280,0.80450,0.80230,0.80410,0
20120510,120000,0.80420,0.80440,0.80310,0.80420,0
20120510,130000,0.80410,0.80450,0.80240,0.80260,0
20120510,140000,0.80250,0.80330,0.80220,0.80270,0
20120510,150000,0.80300,0.80310,0.79980,0.80140,0
20120510,160000,0.80140,0.80200,0.80050,0.80100,0
20120510,170000,0.80100,0.80220,0.80060,0.80180,0
20120510,180000,0.80170,0.80270,0.80120,0.80180,0
20120510,190000,0.80190,0.80260,0.80120,0.80170,0
20120510,200000,0.80170,0.80230,0.80130,0.80210,0
20120510,210000,0.80210,0.80230,0.80140,0.80210,0
20120510,220000,0.80200,0.80220,0.80130,0.80170,0
20120510,230000,0.80170,0.80180,0.80090,0.80140,0
20120511,000000,0.80140,0.80160,0.80080,0.80100,0
20120511,010000,0.80110,0.80170,0.80060,0.80150,0
20120511,020000,0.80150,0.80190,0.80090,0.80160,0
20120511,030000,0.80140,0.80180,0.80110,0.80150,0
20120511,040000,0.80150,0.80190,0.80090,0.80180,0
20120511,050000,0.80170,0.80180,0.79940,0.80070,0
20120511,060000,0.80070,0.80140,0.80040,0.80140,0
20120511,070000,0.80130,0.80180,0.80080,0.80120,0
20120511,080000,0.80140,0.80180,0.80100,0.80170,0
20120511,090000,0.80160,0.80190,0.80090,0.80180,0
20120511,100000,0.80180,0.80220,0.80090,0.80160,0
20120511,110000,0.80160,0.80250,0.80120,0.80250,0
20120511,120000,0.80240,0.80340,0.80200,0.80270,0
20120511,130000,0.80260,0.80370,0.80230,0.80370,0
20120511,140000,0.80370,0.80430,0.80310,0.80350,0
20120511,150000,0.80350,0.80400,0.80240,0.80360,0
20120511,160000,0.80350,0.80450,0.80290,0.80380,0
20120511,170000,0.80390,0.80500,0.80340,0.80390,0
20120511,180000,0.80390,0.80470,0.80330,0.80410,0
20120511,190000,0.80410,0.80460,0.80320,0.80450,0
20120511,200000,0.80450,0.80490,0.80410,0.80450,0
20120511,210000,0.80450,0.80460,0.80330,0.80380,0
20120511,220000,0.80380,0.80450,0.80330,0.80400,0
20120511,230000,0.80400,0.80420,0.80330,0.80380,0
20120512,000000,0.80390,0.80410,0.80330,0.80340,0
20120512,010000,0.80380,0.80440,0.80340,0.80400,0
20120514,000000,0.80330,0.80350,0.80240,0.80270,0
20120514,010000,0.80300,0.80310,0.80170,0.80200,0
20120514,020000,0.80210,0.80280,0.80120,0.80260,0
20120514,030000,0.80260,0.80270,0.80180,0.80230,0
20120514,040000,0.80220,0.80270,0.80190,0.80260,0
20120514,050000,0.80250,0.80270,0.80170,0.80200,0
20120514,060000,0.80210,0.80250,0.80180,0.80220,0
20120514,070000,0.80210,0.80250,0.80160,0.80230,0
20120514,080000,0.80230,0.80240,0.80170,0.80220,0
20120514,090000,0.80220,0.80270,0.80180,0.80240,0
20120514,100000,0.80240,0.80300,0.80120,0.80140,0
20120514,110000,0.80150,0.80210,0.80080,0.80160,0
20120514,120000,0.80160,0.80170,0.80020,0.80120,0
20120514,130000,0.80100,0.80150,0.80050,0.80080,0
20120514,140000,0.80080,0.80140,0.80040,0.80120,0
20120514,150000,0.80120,0.80140,0.79950,0.80030,0
20120514,160000,0.80020,0.80050,0.79790,0.79920,0
20120514,170000,0.79930,0.79950,0.79800,0.79840,0
20120514,180000,0.79840,0.79860,0.79660,0.79710,0
20120514,190000,0.79710,0.79740,0.79600,0.79700,0
20120514,200000,0.79710,0.79750,0.79640,0.79740,0
20120514,210000,0.79740,0.79780,0.79680,0.79770,0
20120514,220000,0.79770,0.79830,0.79710,0.79750,0
20120514,230000,0.79750,0.79790,0.79690,0.79730,0
20120515,000000,0.79740,0.79750,0.79630,0.79660,0
20120515,010000,0.79670,0.79710,0.79630,0.79660,0
20120515,020000,0.79670,0.79700,0.79600,0.79670,0
20120515,030000,0.79670,0.79730,0.79640,0.79690,0
20120515,040000,0.79700,0.79750,0.79660,0.79710,0
20120515,050000,0.79720,0.79730,0.79620,0.79680,0
20120515,060000,0.79670,0.79730,0.79640,0.79690,0
20120515,070000,0.79690,0.79750,0.79650,0.79740,0
20120515,080000,0.79740,0.79760,0.79670,0.79710,0
20120515,090000,0.79710,0.79780,0.79670,0.79760,0
20120515,100000,0.79750,0.79820,0.79700,0.79800,0
20120515,110000,0.79800,0.79970,0.79790,0.79930,0
20120515,120000,0.79950,0.80010,0.79840,0.79960,0
20120515,130000,0.79950,0.79980,0.79860,0.79920,0
20120515,140000,0.79920,0.80140,0.79890,0.80080,0
20120515,150000,0.80070,0.80130,0.79990,0.80050,0
20120515,160000,0.80030,0.80100,0.79820,0.79820,0
20120515,170000,0.79860,0.79930,0.79670,0.79790,0
20120515,180000,0.79780,0.79810,0.79630,0.79660,0
20120515,190000,0.79640,0.79710,0.79570,0.79670,0
20120515,200000,0.79670,0.79720,0.79630,0.79710,0
20120515,210000,0.79710,0.79730,0.79540,0.79590,0
20120515,220000,0.79580,0.79620,0.79530,0.79560,0
20120515,230000,0.79560,0.79600,0.79490,0.79560,0
20120516,000000,0.79560,0.79600,0.79520,0.79580,0
20120516,010000,0.79570,0.79610,0.79530,0.79570,0
20120516,020000,0.79580,0.79640,0.79570,0.79600,0
20120516,030000,0.79620,0.79670,0.79590,0.79670,0
20120516,040000,0.79650,0.79670,0.79600,0.79620,0
20120516,050000,0.79620,0.79680,0.79590,0.79670,0
20120516,060000,0.79660,0.79710,0.79620,0.79690,0
20120516,070000,0.79690,0.79710,0.79640,0.79670,0
20120516,080000,0.79680,0.79700,0.79550,0.79610,0
20120516,090000,0.79620,0.79680,0.79580,0.79670,0
20120516,100000,0.79670,0.79700,0.79470,0.79530,0
20120516,110000,0.79520,0.79700,0.79480,0.79670,0
20120516,120000,0.79680,0.79780,0.79580,0.79670,0
20120516,130000,0.79660,0.79980,0.79610,0.79850,0
20120516,140000,0.79860,0.79980,0.79800,0.79870,0
20120516,150000,0.79860,0.79900,0.79790,0.79840,0
20120516,160000,0.79840,0.80080,0.79800,0.79940,0
20120516,170000,0.79940,0.80010,0.79770,0.79980,0
20120516,180000,0.79980,0.80060,0.79920,0.80020,0
20120516,190000,0.80020,0.80040,0.79770,0.79900,0
20120516,200000,0.79890,0.80000,0.79860,0.79920,0
20120516,210000,0.79930,0.79940,0.79830,0.79880,0
20120516,220000,0.79880,0.79960,0.79850,0.79940,0
20120516,230000,0.79930,0.79970,0.79830,0.79870,0
20120517,000000,0.79880,0.79940,0.79840,0.79900,0
20120517,010000,0.79900,0.79930,0.79840,0.79890,0
20120517,020000,0.79910,0.79940,0.79870,0.79910,0
20120517,030000,0.79930,0.79980,0.79890,0.79960,0
20120517,040000,0.79960,0.80020,0.79910,0.80010,0
20120517,050000,0.80000,0.80040,0.79970,0.79990,0
20120517,060000,0.80000,0.80020,0.79950,0.80010,0
20120517,070000,0.80000,0.80050,0.79960,0.80030,0
20120517,080000,0.80030,0.80080,0.80000,0.80070,0
20120517,090000,0.80070,0.80090,0.80010,0.80070,0
20120517,100000,0.80080,0.80100,0.79980,0.80070,0
20120517,110000,0.80070,0.80070,0.79960,0.80040,0
20120517,120000,0.80030,0.80070,0.79930,0.80030,0
20120517,130000,0.80030,0.80100,0.79930,0.80060,0
20120517,140000,0.80070,0.80100,0.79990,0.80060,0
20120517,150000,0.80060,0.80130,0.79960,0.80010,0
20120517,160000,0.80000,0.80350,0.79970,0.80330,0
20120517,170000,0.80330,0.80400,0.80210,0.80310,0
20120517,180000,0.80300,0.80410,0.80220,0.80360,0
20120517,190000,0.80360,0.80430,0.80250,0.80310,0
20120517,200000,0.80310,0.80410,0.80260,0.80330,0
20120517,210000,0.80330,0.80460,0.80300,0.80430,0
20120517,220000,0.80430,0.80450,0.80330,0.80360,0
20120517,230000,0.80360,0.80400,0.80300,0.80370,0
20120518,000000,0.80360,0.80400,0.80310,0.80370,0
20120518,010000,0.80360,0.80390,0.80240,0.80350,0
20120518,020000,0.80340,0.80410,0.80320,0.80400,0
20120518,030000,0.80390,0.80450,0.80360,0.80440,0
20120518,040000,0.80430,0.80480,0.80370,0.80460,0
20120518,050000,0.80470,0.80510,0.80390,0.80450,0
20120518,060000,0.80470,0.80500,0.80380,0.80400,0
20120518,070000,0.80420,0.80470,0.80380,0.80400,0
20120518,080000,0.80390,0.80440,0.80330,0.80390,0
20120518,090000,0.80380,0.80460,0.80340,0.80420,0
20120518,100000,0.80410,0.80430,0.80220,0.80280,0
20120518,110000,0.80290,0.80360,0.80220,0.80340,0
20120518,120000,0.80330,0.80410,0.80230,0.80350,0
20120518,130000,0.80350,0.80400,0.80230,0.80300,0
20120518,140000,0.80300,0.80370,0.80250,0.80370,0
20120518,150000,0.80370,0.80470,0.80310,0.80350,0
20120518,160000,0.80350,0.80440,0.80300,0.80350,0
20120518,170000,0.80340,0.80400,0.80250,0.80380,0
20120518,180000,0.80380,0.80480,0.80320,0.80470,0
20120518,190000,0.80480,0.80570,0.80410,0.80560,0
20120518,200000,0.80560,0.80640,0.80520,0.80580,0
20120518,210000,0.80570,0.80600,0.80480,0.80510,0
20120518,220000,0.80510,0.80640,0.80480,0.80590,0
20120518,230000,0.80590,0.80770,0.80550,0.80700,0
20120519,000000,0.80710,0.80800,0.80660,0.80780,0
20120519,010000,0.80800,0.80820,0.80720,0.80820,0
20120520,230000,0.80610,0.80790,0.80550,0.80720,0
20120521,000000,0.80740,0.80800,0.80640,0.80760,0
20120521,010000,0.80760,0.80830,0.80730,0.80800,0
20120521,020000,0.80800,0.80810,0.80670,0.80710,0
20120521,030000,0.80720,0.80800,0.80680,0.80750,0
20120521,040000,0.80760,0.80880,0.80690,0.80830,0
20120521,050000,0.80820,0.80890,0.80780,0.80880,0
20120521,060000,0.80890,0.80890,0.80790,0.80820,0
20120521,070000,0.80820,0.80840,0.80750,0.80810,0
20120521,080000,0.80810,0.80810,0.80730,0.80750,0
20120521,090000,0.80760,0.80810,0.80730,0.80770,0
20120521,100000,0.80780,0.80820,0.80650,0.80800,0
20120521,110000,0.80800,0.80890,0.80630,0.80690,0
20120521,120000,0.80710,0.80780,0.80640,0.80750,0
20120521,130000,0.80760,0.80780,0.80670,0.80720,0
20120521,140000,0.80740,0.80750,0.80660,0.80740,0
20120521,150000,0.80740,0.80750,0.80670,0.80690,0
20120521,160000,0.80700,0.80800,0.80640,0.80670,0
20120521,170000,0.80670,0.80680,0.80590,0.80650,0
20120521,180000,0.80640,0.80800,0.80590,0.80790,0
20120521,190000,0.80790,0.80870,0.80690,0.80860,0
20120521,200000,0.80850,0.80960,0.80830,0.80870,0
20120521,210000,0.80870,0.80910,0.80820,0.80860,0
20120521,220000,0.80870,0.80920,0.80800,0.80900,0
20120521,230000,0.80910,0.80980,0.80850,0.80900,0
20120522,000000,0.80900,0.80950,0.80850,0.80940,0
20120522,010000,0.80910,0.80970,0.80880,0.80930,0
20120522,020000,0.80920,0.80980,0.80890,0.80950,0
20120522,030000,0.80950,0.80950,0.80880,0.80940,0
20120522,040000,0.80940,0.80950,0.80850,0.80880,0
20120522,050000,0.80900,0.80910,0.80820,0.80860,0
20120522,060000,0.80870,0.80880,0.80820,0.80870,0
20120522,070000,0.80880,0.80900,0.80820,0.80840,0
20120522,080000,0.80850,0.80860,0.80790,0.80860,0
20120522,090000,0.80840,0.80880,0.80810,0.80850,0
20120522,100000,0.80860,0.80910,0.80730,0.80790,0
20120522,110000,0.80790,0.80860,0.80730,0.80820,0
20120522,120000,0.80820,0.80970,0.80780,0.80860,0
20120522,130000,0.80870,0.81020,0.80830,0.80910,0
20120522,140000,0.80910,0.80920,0.80770,0.80880,0
20120522,150000,0.80880,0.80920,0.80800,0.80910,0
20120522,160000,0.80910,0.80950,0.80750,0.80810,0
20120522,170000,0.80810,0.80860,0.80690,0.80710,0
20120522,180000,0.80700,0.80800,0.80670,0.80750,0
20120522,190000,0.80750,0.80800,0.80680,0.80720,0
20120522,200000,0.80720,0.80740,0.80640,0.80690,0
20120522,210000,0.80680,0.80710,0.80610,0.80650,0
20120522,220000,0.80650,0.80680,0.80570,0.80610,0
20120522,230000,0.80610,0.80640,0.80380,0.80450,0
20120523,000000,0.80460,0.80510,0.80410,0.80480,0
20120523,010000,0.80480,0.80490,0.80390,0.80430,0
20120523,020000,0.80430,0.80450,0.80350,0.80380,0
20120523,030000,0.80390,0.80400,0.80290,0.80340,0
20120523,040000,0.80330,0.80400,0.80300,0.80340,0
20120523,050000,0.80350,0.80430,0.80290,0.80410,0
20120523,060000,0.80400,0.80460,0.80360,0.80410,0
20120523,070000,0.80410,0.80430,0.80340,0.80380,0
20120523,080000,0.80380,0.80450,0.80350,0.80420,0
20120523,090000,0.80420,0.80480,0.80380,0.80470,0
20120523,100000,0.80470,0.80500,0.80340,0.80410,0
20120523,110000,0.80430,0.80540,0.80390,0.80470,0
20120523,120000,0.80450,0.80570,0.80310,0.80510,0
20120523,130000,0.80490,0.80530,0.80350,0.80380,0
20120523,140000,0.80380,0.80520,0.80300,0.80510,0
20120523,150000,0.80500,0.80520,0.80410,0.80500,0
20120523,160000,0.80500,0.80550,0.80410,0.80530,0
20120523,170000,0.80540,0.80620,0.80370,0.80390,0
20120523,180000,0.80410,0.80440,0.79990,0.80070,0
20120523,190000,0.80070,0.80180,0.80000,0.80090,0
20120523,200000,0.80100,0.80120,0.79940,0.80040,0
20120523,210000,0.80050,0.80130,0.79980,0.80080,0
20120523,220000,0.80080,0.80140,0.80010,0.80130,0
20120523,230000,0.80130,0.80230,0.80060,0.80190,0
20120524,000000,0.80200,0.80220,0.80110,0.80160,0
20120524,010000,0.80170,0.80230,0.80150,0.80210,0
20120524,020000,0.80200,0.80240,0.80170,0.80220,0
20120524,030000,0.80200,0.80230,0.80060,0.80090,0
20120524,040000,0.80090,0.80150,0.80070,0.80100,0
20120524,050000,0.80100,0.80160,0.80050,0.80140,0
20120524,060000,0.80140,0.80170,0.80080,0.80150,0
20120524,070000,0.80150,0.80210,0.80120,0.80160,0
20120524,080000,0.80190,0.80190,0.80130,0.80160,0
20120524,090000,0.80170,0.80220,0.80140,0.80190,0
20120524,100000,0.80190,0.80250,0.80140,0.80180,0
20120524,110000,0.80170,0.80210,0.79970,0.80120,0
20120524,120000,0.80120,0.80190,0.79990,0.80120,0
20120524,130000,0.80120,0.80200,0.80050,0.80120,0
20120524,140000,0.80130,0.80260,0.80080,0.80230,0
20120524,150000,0.80230,0.80240,0.80090,0.80120,0
20120524,160000,0.80110,0.80160,0.80040,0.80130,0
20120524,170000,0.80130,0.80240,0.80050,0.80130,0
20120524,180000,0.80130,0.80270,0.80070,0.80220,0
20120524,190000,0.80240,0.80260,0.80090,0.80160,0
20120524,200000,0.80160,0.80160,0.80030,0.80050,0
20120524,210000,0.80070,0.80140,0.79990,0.80040,0
20120524,220000,0.80040,0.80080,0.79980,0.80010,0
20120524,230000,0.80020,0.80070,0.79950,0.80000,0
20120525,000000,0.79980,0.80010,0.79930,0.79970,0
20120525,010000,0.79970,0.80020,0.79940,0.79990,0
20120525,020000,0.79990,0.80050,0.79960,0.80020,0
20120525,030000,0.80020,0.80080,0.80000,0.80050,0
20120525,040000,0.80050,0.80090,0.80020,0.80040,0
20120525,050000,0.80050,0.80100,0.80010,0.80070,0
20120525,060000,0.80060,0.80090,0.80000,0.80020,0
20120525,070000,0.80010,0.80070,0.79970,0.80020,0
20120525,080000,0.80020,0.80070,0.80000,0.80040,0
20120525,090000,0.80050,0.80120,0.80010,0.80090,0
20120525,100000,0.80090,0.80160,0.79990,0.80150,0
20120525,110000,0.80150,0.80300,0.80100,0.80260,0
20120525,120000,0.80260,0.80450,0.80180,0.80310,0
20120525,130000,0.80320,0.80360,0.80240,0.80310,0
20120525,140000,0.80320,0.80330,0.80150,0.80190,0
20120525,150000,0.80180,0.80220,0.80060,0.80130,0
20120525,160000,0.80140,0.80160,0.79780,0.79820,0
20120525,170000,0.79830,0.80000,0.79780,0.79920,0
20120525,180000,0.79920,0.80060,0.79870,0.80010,0
20120525,190000,0.80010,0.80100,0.79910,0.79990,0
20120525,200000,0.79990,0.80030,0.79930,0.79990,0
20120525,210000,0.79990,0.80000,0.79920,0.79960,0
20120525,220000,0.79960,0.79980,0.79890,0.79950,0
20120525,230000,0.79910,0.79980,0.79860,0.79880,0
20120526,000000,0.79900,0.79950,0.79840,0.79900,0
20120526,010000,0.79880,0.79950,0.79860,0.79920,0
20120528,000000,0.80060,0.80170,0.80030,0.80120,0
20120528,010000,0.80130,0.80180,0.80020,0.80160,0
20120528,020000,0.80150,0.80180,0.80070,0.80130,0
20120528,030000,0.80140,0.80170,0.80090,0.80140,0
20120528,040000,0.80140,0.80140,0.80040,0.80080,0
20120528,050000,0.80080,0.80250,0.80050,0.80230,0
20120528,060000,0.80220,0.80230,0.80160,0.80220,0
20120528,070000,0.80220,0.80250,0.80140,0.80160,0
20120528,080000,0.80180,0.80210,0.80130,0.80190,0
20120528,090000,0.80180,0.80250,0.80130,0.80200,0
20120528,100000,0.80200,0.80360,0.80140,0.80310,0
20120528,110000,0.80320,0.80360,0.80130,0.80150,0
20120528,120000,0.80170,0.80220,0.80100,0.80180,0
20120528,130000,0.80190,0.80210,0.80080,0.80180,0
20120528,140000,0.80170,0.80200,0.80080,0.80140,0
20120528,150000,0.80130,0.80200,0.80050,0.80080,0
20120528,160000,0.80080,0.80100,0.79960,0.80030,0
20120528,170000,0.80040,0.80050,0.79850,0.79910,0
20120528,180000,0.79920,0.79940,0.79800,0.79830,0
20120528,190000,0.79840,0.80020,0.79800,0.79960,0
20120528,200000,0.79960,0.79980,0.79840,0.79920,0
20120528,210000,0.79930,0.79960,0.79870,0.79940,0
20120528,220000,0.79930,0.79980,0.79910,0.79960,0
20120528,230000,0.79960,0.79970,0.79910,0.79940,0
20120529,000000,0.79940,0.79980,0.79910,0.79960,0
20120529,010000,0.79940,0.80000,0.79920,0.79980,0
20120529,020000,0.79960,0.80020,0.79920,0.79960,0
20120529,030000,0.79960,0.80000,0.79850,0.79910,0
20120529,040000,0.79920,0.79990,0.79860,0.79970,0
20120529,050000,0.79970,0.80010,0.79920,0.79970,0
20120529,060000,0.79980,0.79990,0.79910,0.79950,0
20120529,070000,0.79960,0.79980,0.79900,0.79950,0
20120529,080000,0.79960,0.79980,0.79920,0.79970,0
20120529,090000,0.79960,0.79980,0.79900,0.79940,0
20120529,100000,0.79940,0.80010,0.79870,0.79910,0
20120529,110000,0.79910,0.80050,0.79860,0.80040,0
20120529,120000,0.80050,0.80060,0.79890,0.79950,0
20120529,130000,0.79950,0.80020,0.79830,0.79910,0
20120529,140000,0.79900,0.79970,0.79840,0.79920,0
20120529,150000,0.79930,0.80000,0.79870,0.79920,0
20120529,160000,0.79920,0.80020,0.79870,0.80000,0
20120529,170000,0.80000,0.80060,0.79870,0.79980,0
20120529,180000,0.80000,0.80020,0.79870,0.79950,0
20120529,190000,0.79950,0.80010,0.79810,0.79890,0
20120529,200000,0.79880,0.79900,0.79790,0.79870,0
20120529,210000,0.79860,0.79890,0.79810,0.79870,0
20120529,220000,0.79870,0.79880,0.79790,0.79850,0
20120529,230000,0.79860,0.79980,0.79790,0.79930,0
20120530,000000,0.79940,0.79980,0.79850,0.79920,0
20120530,010000,0.79900,0.79930,0.79810,0.79850,0
20120530,020000,0.79860,0.79900,0.79780,0.79810,0
20120530,030000,0.79810,0.79860,0.79780,0.79810,0
20120530,040000,0.79820,0.79850,0.79750,0.79800,0
20120530,050000,0.79790,0.79840,0.79760,0.79800,0
20120530,060000,0.79800,0.79820,0.79760,0.79810,0
20120530,070000,0.79810,0.79840,0.79780,0.79820,0
20120530,080000,0.79820,0.79860,0.79790,0.79840,0
20120530,090000,0.79850,0.79870,0.79780,0.79830,0
20120530,100000,0.79830,0.79950,0.79780,0.79900,0
20120530,110000,0.79910,0.80000,0.79840,0.79950,0
20120530,120000,0.79950,0.80000,0.79860,0.79940,0
20120530,130000,0.79940,0.80000,0.79880,0.79900,0
20120530,140000,0.79910,0.79940,0.79690,0.79750,0
20120530,150000,0.79750,0.79970,0.79740,0.79790,0
20120530,160000,0.79790,0.79840,0.79700,0.79810,0
20120530,170000,0.79800,0.79850,0.79690,0.79820,0
20120530,180000,0.79820,0.79930,0.79750,0.79780,0
20120530,190000,0.79770,0.79900,0.79730,0.79880,0
20120530,200000,0.79890,0.79950,0.79810,0.79910,0
20120530,210000,0.79910,0.79970,0.79810,0.79900,0
20120530,220000,0.79920,0.79980,0.79880,0.79940,0
20120530,230000,0.79940,0.79950,0.79840,0.79900,0
20120531,000000,0.79900,0.79920,0.79830,0.79880,0
20120531,010000,0.79880,0.79940,0.79850,0.79860,0
20120531,020000,0.79870,0.79940,0.79850,0.79920,0
20120531,030000,0.79920,0.79930,0.79870,0.79920,0
20120531,040000,0.79920,0.79950,0.79880,0.79910,0
20120531,050000,0.79920,0.79950,0.79880,0.79930,0
20120531,060000,0.79930,0.79950,0.79890,0.79930,0
20120531,070000,0.79930,0.79980,0.79900,0.79940,0
20120531,080000,0.79950,0.80030,0.79920,0.80010,0
20120531,090000,0.80020,0.80070,0.79990,0.80040,0
20120531,100000,0.80040,0.80100,0.79960,0.80040,0
20120531,110000,0.80060,0.80150,0.79990,0.80130,0
20120531,120000,0.80120,0.80160,0.79950,0.79990,0
20120531,130000,0.79990,0.80100,0.79950,0.80030,0
20120531,140000,0.80030,0.80050,0.79930,0.79990,0
20120531,150000,0.80000,0.80050,0.79940,0.80000,0
20120531,160000,0.80000,0.80070,0.79920,0.80050,0
20120531,170000,0.80050,0.80200,0.79950,0.80170,0
20120531,180000,0.80160,0.80350,0.80120,0.80330,0
20120531,190000,0.80330,0.80360,0.80200,0.80250,0
20120531,200000,0.80250,0.80350,0.80150,0.80180,0
20120531,210000,0.80190,0.80260,0.80140,0.80200,0
20120531,220000,0.80200,0.80260,0.80170,0.80230,0
20120531,230000,0.80220,0.80260,0.80170,0.80230,0
20120601,000000,0.80210,0.80260,0.80170,0.80250,0
20120601,010000,0.80250,0.80270,0.80190,0.80220,0
20120601,020000,0.80230,0.80260,0.80190,0.80250,0
20120601,030000,0.80250,0.80310,0.80190,0.80280,0
20120601,040000,0.80270,0.80290,0.80160,0.80210,0
20120601,050000,0.80210,0.80300,0.80130,0.80270,0
20120601,060000,0.80280,0.80340,0.80240,0.80310,0
20120601,070000,0.80310,0.80330,0.80260,0.80300,0
20120601,080000,0.80300,0.80350,0.80250,0.80330,0
20120601,090000,0.80330,0.80380,0.80290,0.80350,0
20120601,100000,0.80350,0.80410,0.80210,0.80350,0
20120601,110000,0.80350,0.80500,0.80270,0.80440,0
20120601,120000,0.80440,0.80800,0.80390,0.80670,0
20120601,130000,0.80680,0.80690,0.80440,0.80480,0
20120601,140000,0.80480,0.80600,0.80390,0.80440,0
20120601,150000,0.80450,0.80510,0.80410,0.80470,0
20120601,160000,0.80470,0.80630,0.80390,0.80540,0
20120601,170000,0.80540,0.80720,0.80430,0.80520,0
20120601,180000,0.80530,0.80620,0.80460,0.80610,0
20120601,190000,0.80620,0.80750,0.80490,0.80740,0
20120601,200000,0.80730,0.80760,0.80590,0.80620,0
20120601,210000,0.80620,0.80740,0.80600,0.80720,0
20120601,220000,0.80720,0.80920,0.80690,0.80730,0
20120601,230000,0.80730,0.80860,0.80700,0.80800,0
